#Predictions based on model below... 
#
# Call:
#   lm(formula = A2 ~ Year + Year2 + Year3, data = data.frame(A2 = table2$A2, 
#                                                             Year = table2$Year, Year2 = table2$Year * table2$Year, Year3 = (table2$Year)^3))
# 
# Residuals:
#   Min      1Q  Median      3Q     Max 
# -2.3504 -1.5337  0.1563  1.1378  2.9066 
# 
# Coefficients:
#   Estimate Std. Error t value Pr(>|t|)    
# (Intercept) -6.360e+05  8.778e+04  -7.246 2.77e-05 ***
#   Year         9.894e+02  1.295e+02   7.643 1.75e-05 ***
#   Year2       -5.131e-01  6.363e-02  -8.064 1.10e-05 ***
#   Year3        8.875e-05  1.042e-05   8.516 6.78e-06 ***
#   ---
#   Signif. codes:  0 ‘***’ 0.001 ‘**’ 0.01 ‘*’ 0.05 ‘.’ 0.1 ‘ ’ 1
# 
# Residual standard error: 1.95 on 10 degrees of freedom
# Multiple R-squared:  0.9999,	Adjusted R-squared:  0.9999 
# F-statistic: 3.327e+04 on 3 and 10 DF,  p-value: < 2.2e-16
#


Year Month CO2
1200-1948 1 304.8328305881
1200-1948 2 304.89121413196
1200-1948 3 304.949671530281
1200-1948 4 305.008203090867
1200-1948 5 305.066809122567
1200-1948 6 305.125489932601
1200-1948 7 305.184245830169
1200-1948 8 305.243077122141
1200-1948 9 305.301984118181
1200-1948 10 305.360967125045
1200-1948 11 305.420026452048
1200-1948 12 305.479162406758
1949 1 305.538375297212
1949 2 305.59766543156
1949 3 305.657033118303
1949 4 305.716478665709
1949 5 305.77600238123
1949 6 305.835604573949
1949 7 305.895285550854
1949 8 305.955045621144
1949 9 306.014885092853
1949 10 306.074804274016
1949 11 306.134803472436
1949 12 306.194882996497
1950 1 306.25504315435
1950 2 306.315284254262
1950 3 306.375606604386
1950 4 306.436010512523
1950 5 306.496496287175
1950 6 306.557064236724
1950 7 306.61771466909
1950 8 306.678447892074
1950 9 306.739264214528
1950 10 306.80016394367
1950 11 306.86114738835
1950 12 306.922214856721
1951 1 306.983366657281
1951 2 307.044603096903
1951 3 307.105924485018
1951 4 307.167331128963
1951 5 307.22882333782
1951 6 307.290401419043
1951 7 307.352065680665
1951 8 307.413816430955
1951 9 307.475653978763
1951 10 307.537578631192
1951 11 307.599590697442
1951 12 307.661690484965
1952 1 307.723878301797
1952 2 307.78615445632
1952 3 307.848519257153
1952 4 307.910973012447
1952 5 307.973516029189
1952 6 308.036148616811
1952 7 308.09887108265
1952 8 308.161683735671
1952 9 308.224586883327
1952 10 308.287580833887
1952 11 308.350665895618
1952 12 308.413842376671
1953 1 308.477110585547
1953 2 308.540470830048
1953 3 308.60392341821
1953 4 308.667468658532
1953 5 308.731106858584
1953 6 308.794838327332
1953 7 308.858663372695
1953 8 308.922582302126
1953 9 308.986595424707
1953 10 309.050703048008
1953 11 309.114905480877
1953 12 309.179203030071
1954 1 309.243596005486
1954 2 309.308084714226
1954 3 309.372669464676
1954 4 309.437350564636
1954 5 309.502128323424
1954 6 309.567003047909
1954 7 309.631975046708
1954 8 309.697044627857
1954 9 309.762212099973
1954 10 309.82747777109
1954 11 309.892841948778
1954 12 309.958304942003
1955 1 310.023867058218
1955 2 310.089528606273
1955 3 310.155289893155
1955 4 310.221151228645
1955 5 310.287112919614
1955 6 310.353175274679
1955 7 310.419338601991
1955 8 310.485603210167
1955 9 310.551969406544
1955 10 310.61843749939
1955 11 310.685007797438
1955 12 310.751680608373
1956 1 310.818456241046
1956 2 310.885335002444
1956 3 310.952317201532
1956 4 311.019403146114
1956 5 311.086593144806
1956 6 311.153887505177
1956 7 311.221286535962
1956 8 311.288790544844
1956 9 311.356399840442
1956 10 311.424114730209
1956 11 311.491935523693
1956 12 311.559862527414
1957 1 311.627896049875
1957 2 311.696036399924
1957 3 311.764283885597
1957 4 311.832638815045
1957 5 311.901101495605
1957 6 311.969672236475
1957 7 312.03835134476
1957 8 312.107139130123
1957 9 312.176035899087
1957 10 312.2450419612
1957 11 312.314157623448
1957 12 312.383383194683
1958 1 312.452718982706
1958 2 312.522165296599
1958 3 312.591722443351
1958 4 312.661390731228
1958 5 312.731170468847
1958 6 312.801061964477
1958 7 312.871065526386
1958 8 312.941181461792
1958 9 313.011410079547
1958 10 313.081751687569
1958 11 313.152206594707
1958 12 313.222775107948
1959 1 313.293457536376
1959 2 313.364254187909
1959 3 313.435165370582
1959 4 313.506191392313
1959 5 313.577332562185
1959 6 313.648589187418
1959 7 313.71996157628
1959 8 313.791450037155
1959 9 313.863054878195
1959 10 313.934776408016
1959 11 314.006614933722
1959 12 314.078570764279
1960 1 314.150644207373
1960 2 314.222835571854
1960 3 314.295145164593
1960 4 314.367573295604
1960 5 314.440120271523
1960 6 314.512786401086
1960 7 314.585571992211
1960 8 314.658477353514
1960 9 314.731502792682
1960 10 314.804648617865
1960 11 314.877915137447
1960 12 314.951302659698
1961 1 315.024811492884
1961 2 315.098441944341
1961 3 315.172194323386
1961 4 315.246068937005
1961 5 315.320066094166
1961 6 315.394186102669
1961 7 315.468429271248
1961 8 315.542795907008
1961 9 315.617286319262
1961 10 315.691900814883
1961 11 315.766639703419
1961 12 315.841503292322
1962 1 315.916491889395
1962 2 315.991605803254
1962 3 316.066845342284
1962 4 316.142210814287
1962 5 316.217702527298
1962 6 316.293320789817
1962 7 316.369065909646
1962 8 316.444938195171
1962 9 316.520937954658
1962 10 316.597065496258
1962 11 316.673321127892
1962 12 316.749705157825
1963 1 316.826217894093
1963 2 316.902859645546
1963 3 316.979630719288
1963 4 317.056531423703
1963 5 317.133562067407
1963 6 317.210722958553
1963 7 317.288014404825
1963 8 317.365436715074
1963 9 317.442990196869
1963 10 317.520675158245
1963 11 317.598491907818
1963 12 317.676440753858
1964 1 317.754522004281
1964 2 317.832735966891
1964 3 317.911082950537
1964 4 317.989563262556
1964 5 318.068177212146
1964 6 318.146925106063
1964 7 318.225807254086
1964 8 318.304823962855
1964 9 318.383975541801
1964 10 318.463262298261
1964 11 318.542684540967
1964 12 318.62224257749
1965 1 318.701936716214
1965 2 318.781767265173
1965 3 318.861734533217
1965 4 318.941838828032
1965 5 319.022080457187
1965 6 319.102459729766
1965 7 319.18297695322
1965 8 319.263632436632
1965 9 319.344426486525
1965 10 319.425359413144
1965 11 319.506431522896
1965 12 319.587643124978
1966 1 319.668994526961
1966 2 319.750486037927
1966 3 319.83211796463
1966 4 319.913890616153
1966 5 319.995804300299
1966 6 320.077859325567
1966 7 320.160056000343
1966 8 320.242394631961
1966 9 320.324875528808
1966 10 320.407498999499
1966 11 320.490265351837
1966 12 320.573174893623
1967 1 320.656227934058
1967 2 320.739424780477
1967 3 320.822765741381
1967 4 320.906251124572
1967 5 320.989881238784
1967 6 321.073656391585
1967 7 321.157576891244
1967 8 321.241643045912
1967 9 321.325855164439
1967 10 321.410213554394
1967 11 321.494718523696
1967 12 321.579370380961
1968 1 321.66416943376
1968 2 321.749115991173
1968 3 321.83421036019
1968 4 321.919452850125
1968 5 322.004843768431
1968 6 322.090383423725
1968 7 322.176072123693
1968 8 322.261910176952
1968 9 322.347897891188
1968 10 322.434035574668
1968 11 322.52032353566
1968 12 322.606762082316
1969 1 322.693351523252
1969 2 322.780092165805
1969 3 322.866984318593
1969 4 322.954028289416
1969 5 323.041224387358
1969 6 323.128572919173
1969 7 323.21607419441
1969 8 323.303728520172
1969 9 323.391536205192
1969 10 323.479497557157
1969 11 323.567612885265
1969 12 323.655882496503
1970 1 323.74430669914
1970 2 323.832885801792
1970 3 323.921620112844
1970 4 324.010509940214
1970 5 324.099555591354
1970 6 324.188757375348
1970 7 324.278115599882
1970 8 324.367630573572
1970 9 324.457302603754
1970 10 324.547131999629
1970 11 324.637119068415
1970 12 324.727264118614
1971 1 324.817567458609
1971 2 324.908029396436
1971 3 324.998650240246
1971 4 325.089430297841
1971 5 325.180369877839
1971 6 325.271469288506
1971 7 325.362728837761
1971 8 325.454148833524
1971 9 325.545729583944
1971 10 325.637471397524
1971 11 325.729374582646
1971 12 325.821439446532
1972 1 325.913666298846
1972 2 326.006055445992
1972 3 326.09860719752
1972 4 326.191321860533
1972 5 326.28419974423
1972 6 326.37724115618
1972 7 326.47044640407
1972 8 326.563815796864
1972 9 326.657349642483
1972 10 326.751048249309
1972 11 326.844911924796
1972 12 326.938940977794
1973 1 327.033135715988
1973 2 327.127496447763
1973 3 327.222023481387
1973 4 327.316717125126
1973 5 327.411577686551
1973 6 327.506605474395
1973 7 327.601800796343
1973 8 327.697163961129
1973 9 327.792695276672
1973 10 327.888395050657
1973 11 327.984263591585
1973 12 328.080301207956
1974 1 328.176508207922
1974 2 328.272884898703
1974 3 328.369431589497
1974 4 328.466148587759
1974 5 328.563036202104
1974 6 328.660094740684
1974 7 328.757324511767
1974 8 328.854725822806
1974 9 328.952298982418
1974 10 329.050044298987
1974 11 329.147962080548
1974 12 329.246052635135
1975 1 329.344316270552
1975 2 329.442753295298
1975 3 329.54136401799
1975 4 329.64014874585
1975 5 329.739107788075
1975 6 329.838241452351
1975 7 329.937550046248
1975 8 330.037033878732
1975 9 330.136693257722
1975 10 330.236528491485
1975 11 330.336539887707
1975 12 330.436727755005
1976 1 330.537092401297
1976 2 330.637634135201
1976 3 330.73835326382
1976 4 330.839250096586
1976 5 330.940324941068
1976 6 331.041578105302
1976 7 331.143009897438
1976 8 331.244620626327
1976 9 331.346410599188
1976 10 331.448380124406
1976 11 331.550529510248
1976 12 331.652859065332
1977 1 331.75536909746
1977 2 331.858059914317
1977 3 331.960931824753
1977 4 332.063985136454
1977 5 332.167220158037
1977 6 332.270637197071
1977 7 332.374236562406
1977 8 332.478018561495
1977 9 332.581983503303
1977 10 332.686131695053
1977 11 332.790463445941
1977 12 332.894979063189
1978 1 332.99967885518
1978 2 333.104563130299
1978 3 333.20963219658
1978 4 333.314886362758
1978 5 333.420325935818
1978 6 333.525951224961
1978 7 333.631762537523
1978 8 333.737760182703
1978 9 333.843944467138
1978 10 333.950315700728
1978 11 334.056874190224
1978 12 334.163620244712
1979 1 334.270554171759
1979 2 334.377676280099
1979 3 334.484986877418
1979 4 334.592486271868
1979 5 334.700174771366
1979 6 334.808052684879
1979 7 334.916120320209
1979 8 335.024377985159
1979 9 335.132825988345
1979 10 335.241464637569
1979 11 335.350294241682
1979 12 335.45931510732
1980 1 335.568527544616
1980 2 335.677931860089
1980 3 335.787528363056
1980 4 335.897317360505
1980 5 336.007299161982
1980 6 336.117474074825
1980 7 336.227842406719
1980 8 336.338404466864
1980 9 336.449160562945
1980 10 336.560111003346
1980 11 336.671256095404
1980 12 336.782596148318
1981 1 336.89413146954
1981 2 337.005862367805
1981 3 337.117789150565
1981 4 337.229912126902
1981 5 337.342231604038
1981 6 337.454747890704
1981 7 337.567461294588
1981 8 337.680372124654
1981 9 337.793480688357
1981 10 337.90678729408
1981 11 338.020292249625
1981 12 338.133995863725
1982 1 338.247898444766
1982 2 338.362000299734
1982 3 338.476301737712
1982 4 338.590803066501
1982 5 338.705504594836
1982 6 338.82040662982
1982 7 338.935509480652
1982 8 339.050813454902
1982 9 339.166318860953
1982 10 339.28202600684
1982 11 339.397935200948
1982 12 339.514046751428
1983 1 339.63036096585
1983 2 339.74687815283
1983 3 339.863598620635
1983 4 339.980522677535
1983 5 340.097650630865
1983 6 340.214982789708
1983 7 340.332519461517
1983 8 340.450260955491
1983 9 340.568207578151
1983 10 340.68635963928
1983 11 340.804717446328
1983 12 340.923281307216
1984 1 341.042051530443
1984 2 341.161028424161
1984 3 341.280212296639
1984 4 341.399603455327
1984 5 341.519202209311
1984 6 341.639008866157
1984 7 341.759023734834
1984 8 341.879247121862
1984 9 341.999679337023
1984 10 342.120320687536
1984 11 342.241171482019
1984 12 342.362232028507
1985 1 342.483502635732
1985 2 342.604983610683
1985 3 342.726675261976
1985 4 342.848577897996
1985 5 342.970691827359
1985 6 343.093017357052
1985 7 343.215554796159
1985 8 343.338304452016
1985 9 343.461266633822
1985 10 343.584441648796
1985 11 343.707829806139
1985 12 343.831431413186
1986 1 343.955246777739
1986 2 344.079276208882
1986 3 344.203520014533
1986 4 344.32797850261
1986 5 344.452651981032
1986 6 344.577540758764
1986 7 344.702645143378
1986 8 344.827965443255
1986 9 344.9535019662
1986 10 345.079255020479
1986 11 345.205224914476
1986 12 345.33141195646
1987 1 345.457816454116
1987 2 345.584438716411
1987 3 345.71127905068
1987 4 345.838337765308
1987 5 345.965615168097
1987 6 346.093111568131
1987 7 346.220827273326
1987 8 346.348762591137
1987 9 346.476917830296
1987 10 346.605293298722
1987 11 346.7338893048
1987 12 346.862706156098
1988 1 346.991744162049
1988 2 347.12100362929
1988 3 347.250484867138
1988 4 347.380188183044
1988 5 347.510113885859
1988 6 347.640262283152
1988 7 347.770633682841
1988 8 347.901228393428
1988 9 348.032046723529
1988 10 348.163088980829
1988 11 348.294355473365
1988 12 348.425846509752
1989 1 348.557562397327
1989 2 348.689503445756
1989 3 348.821669961209
1989 4 348.954062253586
1989 5 349.086680629873
1989 6 349.219525398919
1989 7 349.352596868528
1989 8 349.485895347432
1989 9 349.619421142968
1989 10 349.753174563404
1989 11 349.887155917357
1989 12 350.021365512745
1990 1 350.155803658185
1990 2 350.29047066113
1990 3 350.425366829964
1990 4 350.560492472723
1990 5 350.695847898256
1990 6 350.83143341355
1990 7 350.967249328154
1990 8 351.103295948706
1990 9 351.239573584753
1990 10 351.376082543517
1990 11 351.512823134079
1990 12 351.649795663659
1991 1 351.78700044041
1991 2 351.924437772832
1991 3 352.062107969658
1991 4 352.20001133834
1991 5 352.338148187147
1991 6 352.476518824231
1991 7 352.615123557393
1991 8 352.753962695948
1991 9 352.893036546535
1991 10 353.032345418818
1991 11 353.171889619553
1991 12 353.31166945782
1992 1 353.451685241307
1992 2 353.591937278863
1992 3 353.732425878057
1992 4 353.873151346692
1992 5 354.0141139935
1992 6 354.15531412675
1992 7 354.296752054477
1992 8 354.438428084482
1992 9 354.580342525383
1992 10 354.722495684749
1992 11 354.864887871547
1992 12 355.007519393112
1993 1 355.15039055841
1993 2 355.29350167478
1993 3 355.436853051069
1993 4 355.580444994965
1993 5 355.724277815199
1993 6 355.868351819227
1993 7 356.01266731543
1993 8 356.157224611845
1993 9 356.302024017437
1993 10 356.44706583966
1993 11 356.592350386432
1993 12 356.737877966603
1994 1 356.883648887509
1994 2 357.029663458467
1994 3 357.175921986229
1994 4 357.322424780345
1994 5 357.469172147685
1994 6 357.616164397448
1994 7 357.763401837088
1994 8 357.910884775571
1994 9 358.058613520232
1994 10 358.206588379224
1994 11 358.354809661163
1994 12 358.503277674317
1995 1 358.651992726605
1995 2 358.800955125829
1995 3 358.950165180606
1995 4 359.09962319897
1995 5 359.249329489539
1995 6 359.399284358951
1995 7 359.549488117336
1995 8 359.699941071332
1995 9 359.850643530022
1995 10 360.001595801325
1995 11 360.152798193274
1995 12 360.304251014139
1996 1 360.455954571837
1996 2 360.60790917452
1996 3 360.760115130688
1996 4 360.912572748493
1996 5 361.065282335854
1996 6 361.218244200922
1996 7 361.371458651847
1996 8 361.524925997015
1996 9 361.67864654446
1996 10 361.832620602567
1996 11 361.986848478904
1996 12 362.141330482205
1997 1 362.296066920157
1997 2 362.451058101607
1997 3 362.606304334011
1997 4 362.761805925518
1997 5 362.917563184514
1997 6 363.073576419731
1997 7 363.229845938389
1997 8 363.386372049339
1997 9 363.543155060383
1997 10 363.700195279554
1997 11 363.857493015355
1997 12 364.015048575704
1998 1 364.172862269101
1998 2 364.330934403115
1998 3 364.48926528648
1998 4 364.647855226765
1998 5 364.806704533054
1998 6 364.965813512797
1998 7 365.125182473799
1998 8 365.284811724909
1998 9 365.444701574044
1998 10 365.604852329358
1998 11 365.765264299815
1998 12 365.92593779217
1999 1 366.086873114924
1999 2 366.248070576694
1999 3 366.409530485631
1999 4 366.571253149887
1999 5 366.733238877147
1999 6 366.895487976144
1999 7 367.058000754565
1999 8 367.220777521026
1999 9 367.383818583097
1999 10 367.547124249744
1999 11 367.710694828187
1999 12 367.874530627392
2000 1 368.038631954812
2000 2 368.202999119414
2000 3 368.367632428883
2000 4 368.53253219102
2000 5 368.697698714444
2000 6 368.863132307422
2000 7 369.028833278222
2000 8 369.19480193418
2000 9 369.361038584379
2000 10 369.527543536155
2000 11 369.694317098591
2000 12 369.861359578674
2001 1 370.028671286069
2001 2 370.196252527297
2001 3 370.364103611908
2001 4 370.53222484712
2001 5 370.700616541901
2001 6 370.869279003819
2001 7 371.038212540792
2001 8 371.207417461323
2001 9 371.376894074259
2001 10 371.546642686706
2001 11 371.716663607163
2001 12 371.886957144015
2002 1 372.057523604832
2002 2 372.228363298695
2002 3 372.399476532592
2002 4 372.570863615954
2002 5 372.742524856119
2002 6 372.914460561471
2002 7 373.086671039928
2002 8 373.259156600339
2002 9 373.431917550159
2002 10 373.604954197421
2002 11 373.778266850859
2002 12 373.951855818508
2003 1 374.125721408753
2003 2 374.299863928813
2003 3 374.47428368777
2003 4 374.648980993312
2003 5 374.82395615417
2003 6 374.999209477217
2003 7 375.174741272465
2003 8 375.350551846554
2003 9 375.526641508332
2003 10 375.703010565601
2003 11 375.879659327329
2003 12 376.056588100619
2004 1 376.233797193971
2004 2 376.411286915652
2004 3 376.589057573932
2004 4 376.767109477194
2004 5 376.945442932658
2004 6 377.124058249523
2004 7 377.302955734893
2004 8 377.482135698316
2004 9 377.661598446546
2004 10 377.841344288783
2004 11 378.02137353248
2004 12 378.201686486369
2005 1 378.382283457788
2005 2 378.563164756168
2005 3 378.744330688729
2005 4 378.92578156339
2005 5 379.107517688768
2005 6 379.289539373247
2005 7 379.471846924862
2005 8 379.654440651415
2005 9 379.837320861523
2005 10 380.020487862872
2005 11 380.203941964195
2005 12 380.387683472596
2006 1 380.571712697623
2006 2 380.756029946613
2006 3 380.940635527833
2006 4 381.125529749203
2006 5 381.310712919687
2006 6 381.496185346856
2006 7 381.681947338511
2006 8 381.86799920327
2006 9 382.054341249517
2006 10 382.24097378552
2006 11 382.427897118381
2006 12 382.615111557185
2007 1 382.802617409616
2007 2 382.990414984059
2007 3 383.17850458913
2007 4 383.366886532516
2007 5 383.55556112167
2007 6 383.744528666139
2007 7 383.933789473143
2007 8 384.123343851301
2007 9 384.31319210853
2007 10 384.503334552748
2007 11 384.693771492573
2007 12 384.88450323604
2008 1 385.075530091417
2008 2 385.266852366156
2008 3 385.45847036934
2008 4 385.650384408655
2008 5 385.842594792368
2008 6 386.035101828398
2008 7 386.227905825712
2008 8 386.421007091529
2008 9 386.61440593435
2008 10 386.808102662093
2008 11 387.002097583842
2008 12 387.196391006699
2009 1 387.390983239049
2009 2 387.585874589044
2009 3 387.781065365183
2009 4 387.976555875619
2009 5 388.17234642827
2009 6 388.368437331403
2009 7 388.564828893053
2009 8 388.761521421256
2009 9 388.958515224513
2009 10 389.155810610973
2009 11 389.35340788844
2009 12 389.551307365415
2010 1 389.749509349698
2010 2 389.948014150257
2010 3 390.146822073846
2010 4 390.34593343013
2010 5 390.545348526211
2010 6 390.745067670825
2010 7 390.945091171656
2010 8 391.14541933767
2010 9 391.346052476205
2010 10 391.546990895295
2010 11 391.748234903673
2010 12 391.949784809607
2011 1 392.151640921249
2011 2 392.353803545586
2011 3 392.556272992399
2011 4 392.759049568675
2011 5 392.962133583729
2011 6 393.165525343968
2011 7 393.36922515952
2011 8 393.573233336792
2011 9 393.777550185332
2011 10 393.98217601236
2011 11 394.18711112719
2011 12 394.392355836462
2012 1 394.597910449025
2012 2 394.803775273147
2012 3 395.009950617212
2012 4 395.216436789138
2012 5 395.423234096728
2012 6 395.630342848483
2012 7 395.837763352436
2012 8 396.045495916973
2012 9 396.253540849779
2012 10 396.46189845982
2012 11 396.670569054317
2012 12 396.879552942235
2013 1 397.088850430911
2013 2 397.298461829778
2013 3 397.508387445589
2013 4 397.718627587077
2013 5 397.929182562395
2013 6 398.140052679926
2013 7 398.351238248055
2013 8 398.562739573768
2013 9 398.774556966498
2013 10 398.986690733116
2013 11 399.199141183402
2013 12 399.411908623879
2014 1 399.624993364443
2014 2 399.8383957115
2014 3 400.052115974016
2014 4 400.26615446026
2014 5 400.480511478614
2014 6 400.695187336649
2014 7 400.910182342632
2014 8 401.125496804481
2014 9 401.341131031397
2014 10 401.557085330831
2014 11 401.773360010586
2014 12 401.989955379278
2015 1 402.206871744827
2015 2 402.424109415966
2015 3 402.641668700147
2015 4 402.859549905872
2015 5 403.077753341291
2015 6 403.296279314556
2015 7 403.515128133586
2015 8 403.734300106997
2015 9 403.953795542591
2015 10 404.173614748637
2015 11 404.39375803282
2015 12 404.614225704223
2016 1 404.835018070647
2016 2 405.056135439896
2016 3 405.277578120353
2016 4 405.499346420052
2016 5 405.721440647729
2016 6 405.943861110602
2016 7 406.166608117754
2016 8 406.389681976521
2016 9 406.613082995987
2016 10 406.836811483372
2016 11 407.060867747408
2016 12 407.285252096248
2017 1 407.509964837576
2017 2 407.735006280011
2017 3 407.960376731469
2017 4 408.186076500453
2017 5 408.412105894531
2017 6 408.638465222437
2017 7 408.865154791973
2017 8 409.092174911755
2017 9 409.319525888888
2017 10 409.547208033153
2017 11 409.775221650954
2017 12 410.003567051841
2018 1 410.232244543033
2018 2 410.461254433496
2018 3 410.690597031033
2018 4 410.920272643329
2018 5 411.150281578884
2018 6 411.380624146084
2018 7 411.611300653429
2018 8 411.842311408021
2018 9 412.073656718712
2018 10 412.305336893303
2018 11 412.537352240412
2018 12 412.769703067956
2019 1 413.002389684203
2019 2 413.235412397073
2019 3 413.468771515065
2019 4 413.702467345633
2019 5 413.936500198091
2019 6 414.170870379545
2019 7 414.405578198261
2019 8 414.640623962856
2019 9 414.876007981598
2019 10 415.111730562523
2019 11 415.347792013083
2019 12 415.584192642244
2020 1 415.820932757575
2020 2 416.058012667811
2020 3 416.295432680636
2020 4 416.533193105133
2020 5 416.771294248058
2020 6 417.009736418608
2020 7 417.24851992412
2020 8 417.487645074027
2020 9 417.727112175198
2020 10 417.966921536135
2020 11 418.207073465106
2020 12 418.447568270611
2021 1 418.688406260218
2021 2 418.929587742779
2021 3 419.171113025979
2021 4 419.412982417387
2021 5 419.655196226202
2021 6 419.897754760343
2021 7 420.140658328077
2021 8 420.383907236857
2021 9 420.627501795534
2021 10 420.871442311793
2021 11 421.11572909425
2021 12 421.360362450359
2022 1 421.605342689436
2022 2 421.850670118234
2022 3 422.096345046186
2022 4 422.342367780395
2022 5 422.588738630293
2022 6 422.835457902867
2022 7 423.082525906386
2022 8 423.329942949233
2022 9 423.577709339908
2022 10 423.825825386797
2022 11 424.07429139642
2022 12 424.323107678676
2023 1 424.572274541249
2023 2 424.821792292059
2023 3 425.071661239141
2023 4 425.321881691343
2023 5 425.572453955538
2023 6 425.823378341389
2023 7 426.074655156001
2023 8 426.326284708339
2023 9 426.578267306206
2023 10 426.830603256938
2023 11 427.083292869269
2023 12 427.336336452281
2024 1 427.58973431366
2024 2 427.843486760627
2024 3 428.097594101797
2024 4 428.352056645555
2024 5 428.606874700519
2024 6 428.862048573792
2024 7 429.117578574456
2024 8 429.373465010431
2024 9 429.629708189284
2024 10 429.886308419984
2024 11 430.143266010331
2024 12 430.400581268594
2025 1 430.658254502458
2025 2 430.916286019958
2025 3 431.174676130409
2025 4 431.433425141848
2025 5 431.692533360911
2025 6 431.952001097146
2025 7 432.211828658241
2025 8 432.472016352578
2025 9 432.732564487727
2025 10 432.993473372771
2025 11 433.254743315163
2025 12 433.516374623287
2026 1 433.778367605177
2026 2 434.040722569101
2026 3 434.303439823212
2026 4 434.56651967566
2026 5 434.829962434131
2026 6 435.093768408056
2026 7 435.35793790489
2026 8 435.622471231734
2026 9 435.887368698604
2026 10 436.152630612138
2026 11 436.418257281417
2026 12 436.684249014128
2027 1 436.950606118888
2027 2 437.217328903265
2027 3 437.484417675762
2027 4 437.751872744295
2027 5 438.019694417948
2027 6 438.287883003475
2027 7 438.55643880961
2027 8 438.825362144737
2027 9 439.094653317356
2027 10 439.36431263492
2027 11 439.634340405697
2027 12 439.904736937839
2028 1 440.175502539845
2028 2 440.446637519985
2028 3 440.718142184895
2028 4 440.990016845404
2028 5 441.262261807336
2028 6 441.534877380007
2028 7 441.807863870985
2028 8 442.08122158912
2028 9 442.354950842098
2028 10 442.629051938187
2028 11 442.903525184956
2028 12 443.178370891721
2029 1 443.453589365818
2029 2 443.729180915747
2029 3 444.005145849544
2029 4 444.281484474661
2029 5 444.558197101229
2029 6 444.835284034954
2029 7 445.112745585735
2029 8 445.39058206114
2029 9 445.66879376932
2029 10 445.947381017962
2029 11 446.226344116731
2029 12 446.505683372379
2030 1 446.785399093176
2030 2 447.065491587855
2030 3 447.345961164217
2030 4 447.626808130764
2030 5 447.908032794716
2030 6 448.189635465154
2030 7 448.471616449999
2030 8 448.7539760574
2030 9 449.03671459551
2030 10 449.319832372945
2030 11 449.603329697042
2030 12 449.887206876185
2031 1 450.171464218991
2031 2 450.456102033495
2031 3 450.741120627034
2031 4 451.02652030834
2031 5 451.312301385798
2031 6 451.598464167793
2031 7 451.885008961079
2031 8 452.171936075785
2031 9 452.4592458189
2031 10 452.746938498458
2031 11 453.03501442296
2031 12 453.323473900906
2032 1 453.612317239982
2032 2 453.901544748223
2032 3 454.191156734363
2032 4 454.481153506087
2032 5 454.771535371779
2032 6 455.062302639475
2032 7 455.353455616743
2032 8 455.64499461255
2032 9 455.936919935164
2032 10 456.229231891921
2032 11 456.521930792485
2032 12 456.815016943612
2033 1 457.108490653336
2033 2 457.402352230856
2033 3 457.696601983276
2033 4 457.991240220144
2033 5 458.286267247982
2033 6 458.581683376571
2033 7 458.877488912665
2033 8 459.173684165115
2033 9 459.470269441605
2033 10 459.767245051218
2033 11 460.064611300942
2033 12 460.362368500209
2034 1 460.660516955657
2034 2 460.959056977183
2034 3 461.257988871657
2034 4 461.557312947465
2034 5 461.857029513107
2034 6 462.157138876384
2034 7 462.457641346147
2034 8 462.758537229616
2034 9 463.059826835291
2034 10 463.361510471441
2034 11 463.663588446681
2034 12 463.966061067651
2035 1 464.268928644946
2035 2 464.57219148404
2035 3 464.875849895179
2035 4 465.179904185119
2035 5 465.484354663291
2035 6 465.789201636682
2035 7 466.094445414026
2035 8 466.400086303474
2035 9 466.706124612712
2035 10 467.012560651288
2035 11 467.319394725491
2035 12 467.626627144287
2036 1 467.934258216294
2036 2 468.242288249428
2036 3 468.550717550679
2036 4 468.859546430525
2036 5 469.168775195372
2036 6 469.478404153488
2036 7 469.788433613488
2036 8 470.098863883759
2036 9 470.409695271868
2036 10 470.720928085851
2036 11 471.032562634209
2036 12 471.344599225908
2037 1 471.657038167934
2037 2 471.969879768905
2037 3 472.283124336856
2037 4 472.596772179357
2037 5 472.910823606304
2037 6 473.225278923754
2037 7 473.540138441604
2037 8 473.855402466608
2037 9 474.171071307966
2037 10 474.487145273364
2037 11 474.803624671535
2037 12 475.120509809698
2038 1 475.437800996355
2038 2 475.755498539889
2038 3 476.073602748336
2038 4 476.392113930197
2038 5 476.711032392574
2038 6 477.030358445016
2038 7 477.350092394627
2038 8 477.67023455014
2038 9 477.990785219241
2038 10 478.31174471078
2038 11 478.633113332209
2038 12 478.954891391913
2039 1 479.277079198044
2039 2 479.59967705945
2039 3 479.922685283469
2039 4 480.246104178135
2039 5 480.569934051833
2039 6 480.894175213296
2039 7 481.21882797021
2039 8 481.54389263026
2039 9 481.869369502529
2039 10 482.19525889412
2039 11 482.52156111435
2039 12 482.848276470439
2040 1 483.175405271235
2040 2 483.502947824192
2040 3 483.830904438393
2040 4 484.159275421174
2040 5 484.488061081269
2040 6 484.817261726363
2040 7 485.146877664258
2040 8 485.476909204386
2040 9 485.807356653502
2040 10 486.138220321271
2040 11 486.469500514213
2040 12 486.801197541761
2041 1 487.133311711485
2041 2 487.465843332233
2041 3 487.798792710179
2041 4 488.132160156034
2041 5 488.46594597667
2041 6 488.800150480238
2041 7 489.134773974889
2041 8 489.469816769124
2041 9 489.805279170861
2041 10 490.14116148802
2041 11 490.477464029449
2041 12 490.814187102718
2042 1 491.151331016677
2042 2 491.488896078081
2042 3 491.826882596826
2042 4 492.165290879668
2042 5 492.504121235339
2042 6 492.843373972108
2042 7 493.183049398358
2042 8 493.523147821543
2042 9 493.863669550046
2042 10 494.204614892602
2042 11 494.545984157012
2042 12 494.887777650845
2043 1 495.229995682719
2043 2 495.572638560901
2043 3 495.915706593776
2043 4 496.25920008868
2043 5 496.603119354928
2043 6 496.947464699624
2043 7 497.292236431618
2043 8 497.63743485848
2043 9 497.983060289058
2043 10 498.329113031039
2043 11 498.675593392458
2043 12 499.022501682048
2044 1 499.369838206912
2044 2 499.717603277066
2044 3 500.065797198564
2044 4 500.414420280838
2044 5 500.763472831459
2044 6 501.112955159158
2044 7 501.462867571507
2044 8 501.813210377353
2044 9 502.163983884268
2044 10 502.515188400517
2044 11 502.866824234021
2044 12 503.218891693512
2045 1 503.571391086909
2045 2 503.924322722363
2045 3 504.27768690791
2045 4 504.631483951816
2045 5 504.985714162816
2045 6 505.340377847431
2045 7 505.695475315675
2045 8 506.051006874186
2045 9 506.406972832163
2045 10 506.763373497291
2045 11 507.120209178538
2045 12 507.47748018289
2046 1 507.835186818847
2046 2 508.193329394911
2046 3 508.551908219
2046 4 508.910923599615
2046 5 509.270375844324
2046 6 509.630265261512
2046 7 509.990592159913
2046 8 510.35135684663
2046 9 510.712559630512
2046 10 511.074200819829
2046 11 511.436280722264
2046 12 511.798799646087
2047 1 512.161757899914
2047 2 512.525155791664
2047 3 512.888993629371
2047 4 513.253271720721
2047 5 513.617990374449
2047 6 513.983149898937
2047 7 514.348750601988
2047 8 514.714792791521
2047 9 515.081276776269
2047 10 515.448202863568
2047 11 515.815571362851
2047 12 516.183382580872
2048 1 516.551636827295
2048 2 516.920334408642
2048 3 517.289475634345
2048 4 517.659060811391
2048 5 518.029090249329
2048 6 518.399564255378
2048 7 518.77048313804
2048 8 519.141847204883
2048 9 519.51365676499
2048 10 519.885912126512
2048 11 520.258613596787
2048 12 520.631761483732
2049 1 521.005356097361
2049 2 521.379397743614
2049 3 521.753886731574
2049 4 522.128823369741
2049 5 522.504207966034
2049 6 522.880040828488
2049 7 523.256322265952
2049 8 523.633052585297
2049 9 524.010232095839
2049 10 524.387861104216
2049 11 524.765939920559
2049 12 525.144468851737
2050 1 525.523448206484
2050 2 525.902878293069
2050 3 526.282759418944
2050 4 526.66309189226
2050 5 527.043876022333
2050 6 527.425112115103
2050 7 527.80680048163
2050 8 528.188941428205
2050 9 528.571535263094
2050 10 528.954582295497
2050 11 529.338082831819
2050 12 529.722037182073
2051 1 530.106445653131
2051 2 530.491308553261
2051 3 530.876626191544
2051 4 531.262398875668
2051 5 531.648626913317
2051 6 532.035310613224
2051 7 532.422450283193
2051 8 532.810046231374
2051 9 533.198098765453
2051 10 533.586608194746
2051 11 533.975574827287
2051 12 534.36499897053
2052 1 534.754880932858
2052 2 535.145221023005
2052 3 535.536019548192
2052 4 535.927276816219
2052 5 536.318993136752
2052 6 536.711168817477
2052 7 537.103804165963
2052 8 537.496899490943
2052 9 537.890455099638
2052 10 538.284471301478
2052 11 538.678948403802
2052 12 539.073886715109
2053 1 539.46928654355
2053 2 539.865148196928
2053 3 540.261471983977
2053 4 540.65825821273
2053 5 541.055507190642
2053 6 541.453219226445
2053 7 541.851394628291
2053 8 542.250033703982
2053 9 542.649136762484
2053 10 543.048704111483
2053 11 543.448736058665
2053 12 543.849232912762
2054 1 544.250194981811
2054 2 544.651622573496
2054 3 545.05351599725
2054 4 545.455875559594
2054 5 545.858701570076
2054 6 546.261994336382
2054 7 546.665754166432
2054 8 547.069981368491
2054 9 547.474676250829
2054 10 547.879839120898
2054 11 548.285470287781
2054 12 548.691570059396
2055 1 549.098138744128
2055 2 549.505176649662
2055 3 549.912684084498
2055 4 550.32066135644
2055 5 550.729108773288
2055 6 551.138026644592
2055 7 551.547415277571
2055 8 551.957274979795
2055 9 552.367606060696
2055 10 552.778408827959
2055 11 553.189683589502
2055 12 553.601430653478
2056 1 554.013650327572
2056 2 554.426342921332
2056 3 554.839508742094
2056 4 555.253148097778
2056 5 555.667261297116
2056 6 556.081848647562
2056 7 556.496910458081
2056 8 556.912447036128
2056 9 557.328458690201
2056 10 557.744945728686
2056 11 558.161908459151
2056 12 558.579347190447
2057 1 558.99726222991
2057 2 559.415653886041
2057 3 559.834522467339
2057 4 560.253868281958
2057 5 560.673691637814
2057 6 561.093992842827
2057 7 561.514772205497
2057 8 561.936030034209
2057 9 562.357766636298
2057 10 562.779982320615
2057 11 563.202677394729
2057 12 563.625852167374
2058 1 564.049506946933
2058 2 564.473642040975
2058 3 564.89825775777
2058 4 565.323354405351
2058 5 565.748932292918
2058 6 566.17499172641
2058 7 566.60153301619
2058 8 567.028556470061
2058 9 567.456062395009
2058 10 567.884051099885
2058 11 568.312522893073
2058 12 568.741478082491
2059 1 569.170916976174
2059 2 569.600839882158
2059 3 570.031247109291
2059 4 570.462138965493
2059 5 570.8935157581
2059 6 571.325377796311
2059 7 571.757725388044
2059 8 572.190558841452
2059 9 572.623878463288
2059 10 573.057684564148
2059 11 573.491977450671
2059 12 573.926757431356
2060 1 574.362024814473
2060 2 574.797779907822
2060 3 575.234023019788
2060 4 575.67075445794
2060 5 576.107974531944
2060 6 576.545683548786
2060 7 576.983881816501
2060 8 577.422569644288
2060 9 577.861747339717
2060 10 578.301415210241
2060 11 578.741573565057
2060 12 579.182222711272
2061 1 579.623362958198
2061 2 580.064994613058
2061 3 580.507117985166
2061 4 580.949733381625
2061 5 581.392841110588
2061 6 581.836441480787
2061 7 582.280534800142
2061 8 582.725121376454
2061 9 583.170201518806
2061 10 583.61577553465
2061 11 584.061843732139
2061 12 584.508406419423
2062 1 584.955463905353
2062 2 585.403016496799
2062 3 585.851064502378
2062 4 586.299608231173
2062 5 586.748647990986
2062 6 587.198184089619
2062 7 587.648216834525
2062 8 588.098746535019
2062 9 588.549773499253
2062 10 589.001298034098
2062 11 589.453320449218
2062 12 589.905841052532
2063 1 590.358860151493
2063 2 590.812378054485
2063 3 591.266395069659
2063 4 591.720911505632
2063 5 592.175927669974
2063 6 592.631443870952
2063 7 593.0874604173
2063 8 593.543977616471
2063 9 594.000995776616
2063 10 594.45851520705
2063 11 594.916536214179
2063 12 595.375059107668
2064 1 595.834084194503
2064 2 596.293611783069
2064 3 596.753642182448
2064 4 597.21417570021
2064 5 597.675212644506
2064 6 598.136753323372
2064 7 598.598798044724
2064 8 599.061347117182
2064 9 599.524400849361
2064 10 599.987959548132
2064 11 600.452023522928
2064 12 600.916593080969
2065 1 601.381668531103
2065 2 601.847250180785
2065 3 602.31333833898
2065 4 602.779933312675
2065 5 603.247035411536
2065 6 603.714644942782
2065 7 604.182762214565
2065 8 604.651387535501
2065 9 605.12052121351
2065 10 605.590163556626
2065 11 606.060314872186
2065 12 606.53097546997
2066 1 607.002145657898
2066 2 607.473825743538
2066 3 607.946016034926
2066 4 608.418716840446
2066 5 608.891928468016
2066 6 609.365651226602
2066 7 609.839885422844
2066 8 610.314631366869
2066 9 610.789889365318
2066 10 611.265659726923
2066 11 611.741942760302
2066 12 612.218738772441
2067 1 612.696048072656
2067 2 613.173870967817
2067 3 613.652207767358
2067 4 614.131058778847
2067 5 614.610424310551
2067 6 615.090304671205
2067 7 615.570700167795
2067 8 616.051611108938
2067 9 616.53303780267
2067 10 617.014980557957
2067 11 617.4974396826
2067 12 617.980415484286
2068 1 618.463908271049
2068 2 618.947918351972
2068 3 619.432446033927
2068 4 619.917491626926
2068 5 620.403055436793
2068 6 620.889137773425
2068 7 621.375738944393
2068 8 621.862859258312
2068 9 622.350499022752
2068 10 622.838658546214
2068 11 623.327338136965
2068 12 623.816538101644
2069 1 624.30625875073
2069 2 624.79650039121
2069 3 625.287263331236
2069 4 625.778547879192
2069 5 626.270354343229
2069 6 626.762683031615
2069 7 627.255534252035
2069 8 627.748908311944
2069 9 628.242805521353
2069 10 628.73722618795
2069 11 629.232170618838
2069 12 629.727639123215
2070 1 630.223632009118
2070 2 630.720149584115
2070 3 631.217192156357
2070 4 631.714760034462
2070 5 632.21285352658
2070 6 632.711472940515
2070 7 633.210618584766
2070 8 633.710290767835
2070 9 634.210489797173
2070 10 634.711215980235
2070 11 635.212469627266
2070 12 635.714251044672
2071 1 636.216560541769
2071 2 636.719398425892
2071 3 637.222765005543
2071 4 637.726660589105
2071 5 638.231085483916
2071 6 638.736039998592
2071 7 639.241524441284
2071 8 639.747539120959
2071 9 640.25408434472
2071 10 640.761160421185
2071 11 641.268767658155
2071 12 641.776906364132
2072 1 642.285576846567
2072 2 642.79477941466
2072 3 643.304514376097
2072 4 643.814782039146
2072 5 644.32558271219
2072 6 644.836916702334
2072 7 645.348784319125
2072 8 645.861185870133
2072 9 646.374121662113
2072 10 646.88759200566
2072 11 647.401597207761
2072 12 647.916137576918
2073 1 648.43121342035
2073 2 648.946825047373
2073 3 649.462972765323
2073 4 649.979656882468
2073 5 650.496877707774
2073 6 651.01463554881
2073 7 651.532930713496
2073 8 652.051763510215
2073 9 652.571134247119
2073 10 653.09104323294
2073 11 653.611490774667
2073 12 654.132477180567
2074 1 654.654002759722
2074 2 655.176067820168
2074 3 655.698672669823
2074 4 656.22181761649
2074 5 656.745502968784
2074 6 657.269729034859
2074 7 657.794496122166
2074 8 658.319804539438
2074 9 658.84565459541
2074 10 659.372046597069
2074 11 659.89898085373
2074 12 660.426457672729
2075 1 660.954477362335
2075 2 661.483040231164
2075 3 662.01214658597
2075 4 662.541796737001
2075 5 663.071990991011
2075 6 663.602729656734
2075 7 664.13401304232
2075 8 664.665841455339
2075 9 665.198215204757
2075 10 665.731134597445
2075 11 666.264599943068
2075 12 666.798611548962
2076 1 667.333169723861
2076 2 667.868274775567
2076 3 668.403927011997
2076 4 668.940126741538
2076 5 669.476874271757
2076 6 670.014169911854
2076 7 670.552013970213
2076 8 671.090406753356
2076 9 671.629348571063
2076 10 672.168839730206
2076 11 672.708880539984
2076 12 673.249471307965
2077 1 673.790612342069
2077 2 674.332303951611
2077 3 674.874546443461
2077 4 675.417340126121
2077 5 675.96068530879
2077 6 676.504582298221
2077 7 677.049031403032
2077 8 677.594032931142
2077 9 678.139587191865
2077 10 678.685694492073
2077 11 679.232355140499
2077 12 679.779569444829
2078 1 680.327337714145
2078 2 680.875660255435
2078 3 681.424537377898
2078 4 681.973969388986
2078 5 682.523956597201
2078 6 683.074499310926
2078 7 683.625597837614
2078 8 684.177252485999
2078 9 684.729463564116
2078 10 685.282231380232
2078 11 685.835556241684
2078 12 686.389438457671
2079 1 686.943878335878
2079 2 687.498876184691
2079 3 688.054432312027
2079 4 688.610547026619
2079 5 689.167220635572
2079 6 689.724453447852
2079 7 690.282245771145
2079 8 690.840597914299
2079 9 691.399510184419
2079 10 691.958982890705
2079 11 692.519016340957
2079 12 693.079610843095
2080 1 693.640766705736
2080 2 694.20248423575
2080 3 694.764763743035
2080 4 695.327605535393
2080 5 695.891009919927
2080 6 696.454977205722
2080 7 697.019507700577
2080 8 697.584601712879
2080 9 698.150259550428
2080 10 698.716481521726
2080 11 699.283267934574
2080 12 699.85061909759
2081 1 700.418535318691
2081 2 700.987016906147
2081 3 701.556064168224
2081 4 702.125677412259
2081 5 702.69585694687
2081 6 703.266603081254
2081 7 703.837916122284
2081 8 704.409796378575
2081 9 704.982244158396
2081 10 705.555259769433
2081 11 706.128843520652
2081 12 706.70299571869
2082 1 707.277716673212
2082 2 707.853006692021
2082 3 708.428866083268
2082 4 709.005295155104
2082 5 709.582294214866
2082 6 710.159863572102
2082 7 710.738003533683
2082 8 711.316714408807
2082 9 711.895996505045
2082 10 712.47585013113
2082 11 713.056275593815
2082 12 713.637273202999
2083 1 714.218843266135
2083 2 714.800986091257
2083 3 715.383701985586
2083 4 715.966991259484
2083 5 716.550854219706
2083 6 717.135291174403
2083 7 717.720302431728
2083 8 718.305888300645
2083 9 718.892049088259
2083 10 719.478785102605
2083 11 720.066096653347
2083 12 720.653984047705
2084 1 721.242447593366
2084 2 721.831487599295
2084 3 722.421104373294
2084 4 723.011298223515
2084 5 723.602069458342
2084 6 724.193418384995
2084 7 724.785345312906
2084 8 725.377850549878
2084 9 725.970934403827
2084 10 726.564597182791
2084 11 727.158839195501
2084 12 727.753660749295
2085 1 728.349062152673
2085 2 728.945043714019
2085 3 729.541605741368
2085 4 730.138748542871
2085 5 730.736472427379
2085 6 731.33477770153
2085 7 731.933664674638
2085 8 732.533133654739
2085 9 733.133184948936
2085 10 733.733818866778
2085 11 734.335035715834
2085 12 734.936835804489
2086 1 735.539219441009
2086 2 736.142186932382
2086 3 736.745738588739
2086 4 737.349874716019
2086 5 737.954595624004
2086 6 738.559901620378
2086 7 739.165793013526
2086 8 739.772270111018
2086 9 740.379333221586
2086 10 740.986982652801
2086 11 741.595218713745
2086 12 742.204041710938
2087 1 742.813451954164
2087 2 743.423449751223
2087 3 744.034035410383
2087 4 744.645209238981
2087 5 745.256971545517
2087 6 745.869322638726
2087 7 746.482262825943
2087 8 747.095792416018
2087 9 747.709911716986
2087 10 748.324621036882
2087 11 748.939920683741
2087 12 749.555810965365
2088 1 750.17229219072
2088 2 750.78936466726
2088 3 751.407028703718
2088 4 752.025284608128
2088 5 752.644132688758
2088 6 753.263573253178
2088 7 753.883606610354
2088 8 754.504233067506
2088 9 755.125452933717
2088 10 755.747266515857
2088 11 756.369674123707
2088 12 756.992676064372
2089 1 757.616272646352
2089 2 758.240464177798
2089 3 758.865250966861
2089 4 759.490633321577
2089 5 760.116611550213
2089 6 760.743185961153
2089 7 761.370356861735
2089 8 761.998124560923
2089 9 762.626489366987
2089 10 763.255451587262
2089 11 763.885011530714
2089 12 764.515169505612
2090 1 765.145925818593
2090 2 765.777280779206
2090 3 766.409234695719
2090 4 767.041787875467
2090 5 767.674940627534
2090 6 768.308693259256
2090 7 768.943046078784
2090 8 769.577999394271
2090 9 770.213553514914
2090 10 770.84970874805
2090 11 771.486465401715
2090 12 772.123823784408
2091 1 772.761784204165
2091 2 773.400346969487
2091 3 774.039512387011
2091 4 774.679280766752
2091 5 775.319652416511
2091 6 775.960627643974
2091 7 776.602206756943
2091 8 777.244390064734
2091 9 777.8871778748
2091 10 778.530570494942
2091 11 779.174568232964
2091 12 779.819171398995
2092 1 780.464380299905
2092 2 781.110195243382
2092 3 781.756616538623
2092 4 782.403644493083
2092 5 783.051279415376
2092 6 783.699521612492
2092 7 784.348371394211
2092 8 784.99782906787
2092 9 785.647894941736
2092 10 786.298569323844
2092 11 786.949852522812
2092 12 787.601744846208
2093 1 788.254246602883
2093 2 788.907358099823
2093 3 789.561079646111
2093 4 790.215411550133
2093 5 790.870354119223
2093 6 791.525907662348
2093 7 792.182072486845
2093 8 792.838848901913
2093 9 793.49623721384
2093 10 794.154237732873
2093 11 794.812850766815
2093 12 795.47207662242
2094 1 796.131915609585
2094 2 796.792368035181
2094 3 797.453434207942
2094 4 798.11511443567
2094 5 798.777409026865
2094 6 799.440318289679
2094 7 800.103842532029
2094 8 800.767982062767
2094 9 801.432737189229
2094 10 802.098108219332
2094 11 802.764095462509
2094 12 803.430699225399
2095 1 804.097919817548
2095 2 804.765757546062
2095 3 805.434212719789
2095 4 806.103285646648
2095 5 806.772976634442
2095 6 807.443285992253
2095 7 808.114214026718
2095 8 808.785761047155
2095 9 809.457927362295
2095 10 810.130713279243
2095 11 810.804119106149
2095 12 811.478145151399
2096 1 812.152791723376
2096 2 812.828059129999
2096 3 813.503947678837
2096 4 814.180457679322
2096 5 814.857589438907
2096 6 815.535343265627
2096 7 816.213719467982
2096 8 816.892718354007
2096 9 817.572340231738
2096 10 818.252585409209
2096 11 818.933454194688
2096 12 819.614946896909
2097 1 820.297063823789
2097 2 820.979805282899
2097 3 821.663171582506
2097 4 822.347163031576
2097 5 823.031779937563
2097 6 823.717022607685
2097 7 824.402891352307
2097 8 825.089386477834
2097 9 825.77650829393
2097 10 826.464257106883
2097 11 827.152633226826
2097 12 827.841636960045
2098 1 828.531268615858
2098 2 829.221528502065
2098 3 829.912416927633
2098 4 830.6039341992
2098 5 831.296080625849
2098 6 831.988856515847
2098 7 832.682262177113
2098 8 833.376297917566
2098 9 834.070964045357
2098 10 834.766260869335
2098 11 835.462188696838
2098 12 836.158747836831
2099 1 836.855938596884
2099 2 837.553761285264
2099 3 838.252216210705
2099 4 838.951303679845
2099 5 839.651024002
2099 6 840.351377485669
2099 7 841.052364438772
2099 8 841.753985168412
2099 9 842.456239983905
2099 10 843.159129192587
2099 11 843.862653103541
2099 12 844.566812024335
2100 1 845.271606263355
2100 2 845.977036128752
2100 3 846.683101928211
2100 4 847.389803970349
2100 5 848.097142563551
2100 6 848.805118015502
2100 7 849.513730634004
2100 8 850.222980728024
2100 9 850.932868605596
2100 10 851.643394574407
2100 11 852.354558943189
2100 12 853.066362019978
